$ 1 0.000005 1.700203994009402 58 5 43 5e-11
f -1136 208 -976 208 32 1.5 0.02
w -976 192 -976 160 0
r -976 160 -976 112 0 1000
w -976 112 -976 96 0
w -976 224 -976 288 0
f -1024 304 -976 304 32 1.5 0.02
w -976 320 -976 352 0
g -976 352 -976 368 0 0
f -928 176 -896 176 32 1.5 0.02
w -896 160 -896 128 0
r -896 128 -896 96 0 1000
w -896 96 -896 80 0
g -896 192 -896 224 0 0
207 -1136 208 -1168 208 4 E0
207 -1104 384 -1168 384 4 E1
f -1104 384 -1072 384 32 1.5 0.02
w -1072 368 -1072 336 0
r -1072 336 -1072 304 0 1000
w -1072 304 -1072 288 0
g -1072 400 -1072 432 0 0
R -1072 288 -1072 272 0 0 40 5 0 0 0.5
R -976 96 -976 80 0 0 40 5 0 0 0.5
R -896 80 -896 64 0 0 40 5 0 0 0.5
R -640 16 -640 -16 0 0 40 5 0 0 0.5
R -720 32 -720 16 0 0 40 5 0 0 0.5
R -800 272 -800 256 0 0 40 5 0 0 0.5
g -800 384 -800 416 0 0
w -768 352 -768 240 0
w -800 288 -800 272 0
r -800 320 -800 288 0 1000
w -800 352 -800 320 0
f -880 368 -800 368 32 1.5 0.02
207 -1136 512 -1168 512 4 E2
w -640 96 -576 96 0
w -640 32 -640 16 0
r -640 64 -640 32 0 1000
w -640 96 -640 64 0
f -672 112 -640 112 32 1.5 0.02
w -720 112 -672 112 0
g -720 288 -720 304 0 0
w -720 256 -720 288 0
f -768 240 -720 240 32 1.5 0.02
w -720 160 -720 224 0
w -720 48 -720 32 0
r -720 112 -720 48 0 1000
w -720 128 -720 112 0
f -768 144 -720 144 32 1.5 0.02
w -720 688 -720 672 0
r -720 672 -720 608 0 1000
w -720 608 -720 592 0
w -720 720 -720 784 0
f -784 800 -720 800 32 1.5 0.02
w -720 816 -720 848 0
g -720 848 -720 864 0 0
w -720 672 -672 672 0
f -672 672 -640 672 32 1.5 0.02
w -640 656 -640 624 0
r -640 624 -640 592 0 1000
w -640 592 -640 576 0
w -640 656 -576 656 0
g -640 688 -640 720 0 0
R -720 592 -720 576 0 0 40 5 0 0 0.5
R -640 576 -640 544 0 0 40 5 0 0 0.5
R -896 592 -896 576 0 0 40 5 0 0 0.5
R -976 608 -976 592 0 0 40 5 0 0 0.5
207 -1040 816 -1168 816 4 E1
207 -1136 736 -1168 736 4 E0
g -896 704 -896 736 0 0
w -896 608 -896 592 0
r -896 640 -896 608 0 1000
w -896 672 -896 640 0
f -928 688 -896 688 32 1.5 0.02
w -976 704 -928 688 0
g -976 848 -976 864 0 0
w -976 832 -976 848 0
f -1040 816 -976 816 32 1.5 0.02
w -976 736 -976 800 0
w -976 624 -976 608 0
r -976 672 -976 624 0 1000
w -976 704 -976 672 0
f -1024 720 -976 720 32 1.5 0.02
f -1136 736 -1104 736 32 1.5 0.02
w -1104 720 -1104 688 0
r -1104 688 -1104 656 0 1000
w -1104 656 -1104 624 0
w -1104 720 -1024 720 0
g -1104 752 -1104 784 0 0
R -1104 624 -1104 592 0 0 40 5 0 0 0.5
207 -896 2048 -1168 2048 4 E2
w -1136 1856 -1024 1856 0
f -1024 1856 -976 1856 32 1.5 0.02
w -976 1840 -976 1808 0
r -976 1808 -976 1760 0 1000
w -976 1760 -976 1744 0
w -976 1872 -976 1936 0
f -1040 1952 -976 1952 32 1.5 0.02
w -976 1968 -976 1984 0
g -976 1984 -976 2000 0 0
f -928 1824 -896 1824 32 1.5 0.02
w -896 1808 -896 1776 0
r -896 1776 -896 1744 0 1000
w -896 1744 -896 1728 0
g -896 1840 -896 1872 0 0
207 -1136 1856 -1168 1856 4 E0
207 -1040 1952 -1168 1952 4 E1
R -976 1744 -976 1728 0 0 40 5 0 0 0.5
R -896 1728 -896 1712 0 0 40 5 0 0 0.5
R -640 1712 -640 1680 0 0 40 5 0 0 0.5
R -720 1728 -720 1712 0 0 40 5 0 0 0.5
g -640 1824 -640 1856 0 0
w -640 1792 -544 1792 0
w -640 1728 -640 1712 0
r -640 1760 -640 1728 0 1000
w -640 1792 -640 1760 0
f -672 1808 -640 1808 32 1.5 0.02
w -720 1808 -672 1808 0
g -720 1984 -720 2000 0 0
w -720 1952 -720 1984 0
f -784 1936 -720 1936 32 1.5 0.02
w -720 1856 -720 1920 0
w -720 1744 -720 1728 0
r -720 1808 -720 1744 0 1000
w -720 1824 -720 1808 0
f -768 1840 -720 1840 32 1.5 0.02
f -768 1312 -720 1312 32 1.5 0.02
w -720 1296 -720 1280 0
r -720 1280 -720 1216 0 1000
w -720 1216 -720 1200 0
w -720 1328 -720 1392 0
f -768 1408 -720 1408 32 1.5 0.02
w -720 1424 -720 1456 0
g -720 1456 -720 1472 0 0
w -720 1280 -672 1280 0
f -672 1280 -640 1280 32 1.5 0.02
w -640 1264 -640 1232 0
r -640 1232 -640 1200 0 1000
w -640 1200 -640 1184 0
w -640 1264 -544 1264 0
g -640 1296 -640 1328 0 0
207 -896 1600 -1184 1600 4 E2
R -720 1200 -720 1184 0 0 40 5 0 0 0.5
R -640 1184 -640 1152 0 0 40 5 0 0 0.5
R -896 1200 -896 1184 0 0 40 5 0 0 0.5
R -976 1216 -976 1168 0 0 40 5 0 0 0.5
R -1072 1408 -1072 1392 0 0 40 5 0 0 0.5
g -1072 1520 -1072 1552 0 0
w -1072 1424 -1072 1408 0
r -1072 1456 -1072 1424 0 1000
w -1072 1488 -1072 1456 0
f -1104 1504 -1072 1504 32 1.5 0.02
207 -1120 1504 -1184 1504 4 E1
207 -1152 1328 -1184 1328 4 E0
g -896 1312 -896 1344 0 0
w -896 1216 -896 1200 0
r -896 1248 -896 1216 0 1000
w -896 1280 -896 1248 0
f -928 1296 -896 1296 32 1.5 0.02
g -976 1472 -976 1488 0 0
w -976 1440 -976 1472 0
f -1024 1424 -976 1424 32 1.5 0.02
w -976 1344 -976 1408 0
w -976 1232 -976 1216 0
r -976 1280 -976 1232 0 1000
w -976 1312 -976 1280 0
f -1024 1328 -976 1328 32 1.5 0.02
f -1008 1024 -976 1024 32 1.5 0.02
w -976 1008 -976 976 0
r -976 976 -976 944 0 1000
w -976 944 -976 928 0
g -976 1040 -976 1072 0 0
207 -1008 1024 -1168 1024 4 E2
g -1120 1344 -1120 1376 0 0
w -1120 1248 -1120 1232 0
r -1120 1280 -1120 1248 0 1000
w -1120 1312 -1120 1280 0
f -1152 1328 -1120 1328 32 1.5 0.02
R -976 928 -976 912 0 0 40 5 0 0 0.5
R -1120 1232 -1120 1216 0 0 40 5 0 0 0.5
207 -544 1792 -496 1792 4 S3
207 -576 656 -512 656 4 S1
207 -576 96 -528 96 4 S0
174 -1328 384 -1280 384 1 1000 0.005 Resistance
g -1328 384 -1360 384 0 0
R -1264 384 -1232 384 0 0 40 5 0 0 0.5
w -1296 368 -1296 336 0
207 -1296 336 -1296 304 4 E0
207 -1296 448 -1296 416 4 E1
w -1296 480 -1296 448 0
R -1264 496 -1232 496 0 0 40 5 0 0 0.5
g -1328 496 -1360 496 0 0
174 -1328 496 -1280 496 1 1000 0.9950000000000001 Resistance
207 -1296 560 -1296 528 4 E2
w -1296 592 -1296 560 0
R -1264 608 -1232 608 0 0 40 5 0 0 0.5
g -1328 608 -1360 608 0 0
174 -1328 608 -1280 608 1 1000 0.005 Resistance
w -800 352 -768 352 0
w -976 1008 -912 1008 0
w -912 1008 -896 1008 0
w -896 1008 -896 800 0
w -896 800 -800 800 0
w -800 800 -784 800 0
w -896 672 -832 672 0
w -832 672 -832 704 0
w -832 704 -768 704 0
f -736 704 -720 704 32 1.5 0.02
w -768 704 -736 704 0
w -1072 368 -1040 368 0
w -1040 368 -1040 304 0
w -1040 304 -1024 304 0
w -976 192 -944 192 0
w -944 192 -944 176 0
w -944 176 -928 176 0
w -896 160 -864 160 0
w -864 160 -832 160 0
w -832 160 -832 144 0
w -832 144 -768 144 0
w -1136 512 -928 512 0
w -928 512 -928 368 0
w -928 368 -880 368 0
w -1120 1312 -1072 1312 0
w -1072 1312 -1072 1328 0
w -1072 1328 -1024 1328 0
w -1120 1504 -1104 1504 0
w -896 1600 -896 1408 0
w -896 1408 -768 1408 0
w -1072 1488 -1040 1488 0
w -1040 1488 -1040 1424 0
w -1040 1424 -1024 1424 0
w -896 1280 -832 1280 0
w -832 1280 -832 1312 0
w -832 1312 -768 1312 0
w -976 1312 -944 1312 0
w -944 1312 -944 1296 0
w -944 1296 -928 1296 0
207 -544 1264 -512 1264 4 S2
w -896 2048 -896 1952 0
w -896 1952 -896 1936 0
w -896 1936 -784 1936 0
w -896 1808 -832 1808 0
w -832 1808 -832 1840 0
w -832 1840 -768 1840 0
w -976 1840 -944 1840 0
w -944 1840 -944 1824 0
w -944 1824 -928 1824 0
w -352 1552 -336 1552 0
207 -240 1440 -192 1440 4 SOR2
f -560 1552 -496 1552 32 1.5 0.02
r -448 1424 -448 1392 0 1000
w -448 1392 -448 1376 0
g -448 1616 -448 1680 0 0
R -448 1376 -448 1344 0 0 40 5 0 0 0.5
f -352 1552 -400 1552 32 1.5 0.02
R -304 1360 -304 1328 0 0 40 5 0 0 0.5
g -304 1472 -304 1504 0 0
w -304 1440 -240 1440 0
w -304 1376 -304 1360 0
r -304 1408 -304 1376 0 1000
w -304 1440 -304 1408 0
f -336 1456 -304 1456 32 1.5 0.02
207 -336 1552 -304 1552 4 S3
207 -560 1552 -592 1552 4 S2
w -496 1536 -448 1488 0
w -400 1536 -448 1488 0
w -448 1488 -448 1424 0
w -496 1568 -448 1616 0
w -400 1568 -448 1616 0
w -448 1488 -384 1488 0
w -384 1488 -384 1456 0
w -384 1456 -336 1456 0
w -384 880 -336 880 0
w -384 912 -384 880 0
w -448 912 -384 912 0
w -400 992 -448 1040 0
w -496 992 -448 1040 0
w -448 912 -448 848 0
w -400 960 -448 912 0
w -496 960 -448 912 0
207 -560 976 -592 976 4 SOR1
207 -336 976 -304 976 4 SOR2
f -336 880 -304 880 32 1.5 0.02
w -304 864 -304 832 0
r -304 832 -304 800 0 1000
w -304 800 -304 784 0
w -304 864 -240 864 0
g -304 896 -304 928 0 0
R -304 784 -304 752 0 0 40 5 0 0 0.5
f -352 976 -400 976 32 1.5 0.02
R -448 800 -448 768 0 0 40 5 0 0 0.5
g -448 1040 -448 1104 0 0
w -448 816 -448 800 0
r -448 848 -448 816 0 1000
f -560 976 -496 976 32 1.5 0.02
w -352 976 -336 976 0
g -640 128 -640 160 0 0
w -384 320 -336 320 0
w -384 352 -384 320 0
w -448 352 -384 352 0
w -400 432 -448 480 0
w -496 432 -448 480 0
w -448 352 -448 288 0
w -400 400 -448 352 0
w -496 400 -448 352 0
207 -560 416 -592 416 4 S0
207 -336 416 -304 416 4 S1
f -336 320 -304 320 32 1.5 0.02
w -304 304 -304 272 0
r -304 272 -304 240 0 1000
w -304 240 -304 224 0
w -304 304 -240 304 0
g -304 336 -304 368 0 0
R -304 224 -304 192 0 0 40 5 0 0 0.5
f -352 416 -400 416 32 1.5 0.02
R -448 240 -448 208 0 0 40 5 0 0 0.5
g -448 480 -448 544 0 0
w -448 256 -448 240 0
r -448 288 -448 256 0 1000
f -560 416 -496 416 32 1.5 0.02
w -352 416 -336 416 0
207 -240 304 -208 304 4 SOR1
207 -240 864 -192 864 4 SFINAL
